# Bandwidth Estimation Results - tmp/1127 Environment
# Formula: Est.BW = min(unacked × MSS / RTT, cwnd × MSS / RTT)
#
#    RTT(ms)    cwnd     unacked  Est.BW(Gbps)   delivery_rate(Gbps) 
--------------------------------------------------------------------------------
1    1.645      2912     2772     19.52          20.44               
2    1.427      3032     2655     21.55          20.58               
3    1.512      3099     2925     22.41          19.70               
4    0.894      3250     1530     19.82          16.46               
5    1.090      2453     2453     25.00          4.20                
6    1.748      2650     2610     17.30          17.42               
7    0.305      2829     2790     25.00          18.34               
8    0.760      2937     0        0.00           17.58               
9    0.331      3036     450      15.75          15.89               
10   0.254      2201     585      25.00          19.31               
11   1.480      2322     2295     17.96          14.35               
12   1.008      1844     1800     20.69          20.58               
13   0.756      1959     1305     20.00          13.65               
14   0.546      2100     1125     23.87          20.12               
15   1.096      2288     1755     18.55          18.48               
16   0.923      2498     1440     18.07          20.61               
17   0.495      2656     1080     25.00          19.71               
18   0.842      2768     2745     25.00          13.52               
19   4.707      2915     225      0.55           0.07                
20   1.798      3147     3105     20.00          18.77               
21   0.898      3327     2250     25.00          15.58               
22   0.864      3482     1260     16.89          17.10               
23   1.171      3619     2295     22.70          20.94               
24   1.875      3717     270      1.67           17.04               
25   0.407      2790     765      21.77          19.49               
26   1.687      2989     2160     14.83          19.85               
27   0.439      3161     1850     25.00          19.99               
28   0.201      3317     180      10.37          16.04               
29   0.445      3427     945      24.60          19.39               
30   1.605      2575     1125     8.12           12.43               
31   1.575      2799     2790     20.52          19.45               
32   0.609      3004     450      8.56           14.91               
33   0.875      3186     1710     22.64          21.52               
34   1.361      3317     765      6.51           10.49               
35   2.588      3434     3420     15.31          3.69                
36   0.779      1751     1530     22.75          21.47               
37   0.456      1989     912      23.17          18.96               
38   2.375      2266     2250     10.97          10.95               
39   0.838      2535     1530     21.15          21.46               
40   1.154      2655     1395     14.00          14.45               
41   0.165      2916     225      15.80          16.09               
42   2.236      3096     3060     15.85          15.64               
43   0.279      3215     585      24.29          19.04               
44   1.692      3272     2340     16.02          14.93               
45   1.387      2431     0        0.00           20.15               
46   0.753      1831     1440     22.15          20.48               
47   0.526      1514     1286     25.00          14.47               
48   1.038      1883     1880     20.98          19.72               
49   1.187      2164     2160     21.08          20.68               
50   1.405      2454     2430     20.03          19.33               
51   1.180      2673     585      5.74           19.40               
52   1.738      2929     2610     17.40          19.07               
53   0.692      3110     1080     18.08          23.00               
54   0.805      3229     3195     25.00          6.74                
55   1.468      3377     2655     20.95          17.60               
56   1.412      2461     2430     19.94          19.54               
57   1.155      2643     2643     25.00          19.06               
58   0.970      2808     2808     25.00          19.59               
59   0.287      2111     855      25.00          19.55               
60   1.028      2216     1980     22.31          18.28               
61   1.017      2371     2340     25.00          9.77                
62   2.796      2558     322      1.33           4.03                
63   1.224      2643     2441     23.10          19.98               
64   4.042      2715     435      1.25           3.35                
65   0.585      2867     1200     23.76          20.46               
66   0.925      3059     1845     23.11          20.79               
67   1.160      2320     2205     22.02          21.19               
68   0.801      2520     2520     25.00          21.75               
69   1.091      1902     1890     20.07          19.64               
70   0.963      1527     1485     17.86          17.08               
71   1.070      1889     1845     19.97          19.63               
72   1.198      2119     2115     20.45          20.08               
73   1.284      2352     1710     15.43          18.89               
74   0.502      1847     1080     24.92          19.20               
75   4.972      2132     270      0.63           0.51                
76   1.283      2355     2355     21.26          20.58               
77   0.703      2589     1485     24.47          9.73                
78   1.422      2780     2655     21.63          20.37               
79   0.860      2973     1845     24.85          20.27               
80   1.242      3077     2835     25.00          14.24               
81   1.914      3268     3240     19.61          19.25               
82   1.131      3372     2070     21.20          20.04               
83   1.483      3458     3420     25.00          14.48               
84   2.228      3628     3605     18.74          18.34               
85   2.317      3800     3773     18.86          18.25               
86   2.446      3967     3931     18.62          18.55               
87   2.704      4101     4095     17.54          17.05               
88   1.674      2961     2925     20.24          19.84               
89   0.481      3197     630      15.17          19.70               
90   0.849      3401     1035     14.12          20.97               
91   0.237      2519     360      17.60          17.98               
92   0.658      2727     1575     25.00          15.73               
93   0.555      2939     1350     25.00          13.06               
94   0.958      3093     3093     25.00          8.53                
95   1.023      3277     2565     25.00          12.89               
96   0.860      2431     2431     25.00          9.90                
97   0.540      2599     1036     22.22          20.58               
98   0.282      2812     405      16.64          19.76               
99   1.445      2975     2700     21.64          20.57               
100  0.675      3106     2812     25.00          16.70               
101  0.811      3209     2025     25.00          3.03                
102  0.771      3419     2295     25.00          17.62               
103  0.874      3517     1305     17.30          19.63               
104  1.294      2557     2475     22.16          20.85               
105  1.605      2766     2745     19.81          18.83               
106  0.421      2136     2136     25.00          19.78               
107  0.928      2414     1755     21.91          21.14               
108  1.018      2495     225      2.56           8.28                
109  0.419      2707     720      19.91          19.69               
110  1.375      2834     2834     23.88          6.02                
111  0.826      3032     3015     25.00          17.18               
112  0.861      2275     1170     15.74          16.63               
113  0.834      2520     2295     25.00          18.08               
114  1.515      2761     2745     20.99          20.33               
115  1.872      2904     2880     17.82          16.51               
116  0.618      3049     1170     21.93          20.69               
117  1.657      3184     2745     19.19          20.59               
118  1.870      3381     3366     20.85          20.11               
119  1.441      3482     2790     22.43          20.85               
120  2.040      3628     3600     20.44          20.29               
121  2.160      3796     3150     16.89          18.17               
122  1.770      3932     3060     20.03          19.90               
123  1.087      4032     630      6.71           13.69               
124  1.230      4157     4005     25.00          15.35               
125  0.551      3065     1130     23.76          19.91               
126  2.107      3303     3285     18.06          9.53                
127  1.050      3499     3150     25.00          19.18               
128  1.837      3108     3105     19.58          19.59               
129  0.844      3341     2475     25.00          15.97               
130  1.184      3535     2218     21.70          16.54               
131  1.352      3709     3465     25.00          18.82               
132  0.775      3850     2655     25.00          15.81               
133  0.496      2777     810      18.92          11.33               
134  0.837      2950     1395     19.31          21.10               
135  0.954      2213     2205     25.00          20.60               
136  0.183      2377     270      17.09          14.64               
137  1.454      2485     2475     19.72          19.42               
138  1.383      2648     2565     21.48          19.40               
139  1.627      2896     2880     20.51          20.51               
140  1.715      3073     3060     20.67          20.42               
141  1.883      3244     2752     16.93          13.07               
142  1.792      3336     3106     20.08          19.78               
143  0.531      2465     585      12.76          15.22               
144  0.576      2585     1609     25.00          18.38               
145  0.424      2798     405      11.06          15.20               
146  0.861      1490     1485     19.98          19.65               
147  1.284      1813     1800     16.24          16.15               
148  1.184      2094     2095     20.49          20.27               
149  0.711      2138     1710     25.00          17.42               
150  1.326      2405     2385     20.84          18.70               
151  0.935      2608     2565     25.00          12.24               
152  0.494      2732     917      21.50          18.77               
153  0.373      2835     720      22.36          20.90               
154  1.302      2097     2097     18.66          15.89               
155  0.240      2265     360      17.38          7.67                
156  1.014      2414     1980     22.62          16.63               
157  3.559      2570     225      0.73           0.65                
158  1.517      2756     2757     21.05          20.01               
159  1.004      2088     1996     23.03          20.46               
160  1.391      2238     315      2.62           8.02                
161  0.801      1856     540      7.81           15.06               
162  0.748      2082     1248     19.33          18.36               
163  0.239      2274     2274     25.00          22.96               
164  0.979      2486     2486     25.00          9.54                
165  2.167      2686     2655     14.19          11.49               
166  0.907      2885     1845     23.56          20.63               
167  1.405      3018     2874     23.70          16.80               
168  1.077      3164     2001     21.52          20.09               
169  0.873      3250     1665     22.09          20.07               
170  0.899      3292     1890     24.35          17.18               
171  0.813      3423     3420     25.00          14.45               
172  0.950      2540     1980     24.14          17.36               
173  0.824      2740     1404     19.74          18.96               
174  2.323      2909     2880     14.36          12.30               
175  0.609      3050     1350     25.00          19.36               
176  0.554      3161     1008     21.08          20.44               
177  3.734      3313     3285     10.19          1.54                
178  1.455      2520     2520     20.06          20.45               
179  1.243      2777     1480     13.79          15.34               
180  1.019      2891     1801     20.47          19.90               
181  0.773      2977     2977     25.00          20.63               
182  1.680      3110     3105     21.41          20.01               
183  2.057      3327     3285     18.50          17.12               
184  1.309      3499     810      7.17           16.24               
185  1.439      2573     2340     18.84          11.33               
186  0.897      2030     1800     23.25          19.72               
187  0.556      1595     1260     25.00          18.62               
188  0.777      1788     1789     25.00          19.94               
189  0.802      1420     1395     20.15          20.07               
190  0.674      1729     720      12.37          15.18               
191  2.528      2075     2075     9.51           0.14                
192  0.537      2223     2223     25.00          21.20               
193  1.683      2497     2475     17.04          16.87               
194  1.367      2732     2700     22.88          19.95               
195  0.827      2027     1575     22.06          20.76               
196  1.291      2259     2250     20.19          20.28               
197  0.659      2383     1800     25.00          16.63               
198  1.256      2574     1170     10.79          17.27               
199  0.666      2675     360      6.26           6.21                
200  0.432      2808     495      13.27          13.37               
201  0.894      2959     2025     25.00          16.21               
202  0.735      3160     1530     24.11          13.17               
203  0.776      2325     630      9.40           16.27               
204  0.638      2554     2340     25.00          7.74                
205  1.418      2803     585      4.78           16.95               
206  0.891      2990     2520     25.00          18.45               
207  0.809      2247     1760     25.00          20.99               
208  0.252      2388     540      24.82          21.33               
209  1.223      2490     1710     16.20          18.53               
210  1.299      2720     2618     23.35          20.62               
211  1.581      2798     2790     20.44          20.68               
212  1.647      2958     2925     20.57          20.59               
213  1.182      3073     1350     13.23          15.36               
214  1.940      3286     3285     19.62          19.88               
215  0.759      2507     1485     22.66          20.88               
216  1.526      2725     2475     18.79          19.73               
217  0.549      2840     1068     22.53          20.64               
218  1.665      2968     2925     20.35          20.21               
219  0.979      3309     1935     22.90          20.41               
220  0.334      3311     585      20.29          21.93               
221  4.564      3368     3368     8.55           1.17                
222  1.092      3372     2430     25.00          14.12               
223  0.187      3373     1260     25.00          11.53               
224  0.707      3374     556      9.11           13.11               
225  1.353      2491     2475     21.19          20.27               
226  0.581      1870     1870     25.00          14.81               
227  0.808      2057     0        0.00           10.84               
228  0.672      2136     180      3.10           15.76               
229  0.999      2506     2250     25.00          16.23               
230  0.306      2510     675      25.00          19.47               
231  1.354      2563     2475     21.17          20.50               
232  1.677      2824     2790     19.27          18.89               
233  1.765      3010     3010     19.76          19.34               
234  1.845      3211     2385     14.97          20.28               
235  1.248      2447     2430     22.56          21.58               
236  0.670      1843     495      8.56           13.48               
237  0.700      2098     405      6.70           11.27               
238  0.599      2373     1890     25.00          16.23               
239  1.000      1831     1800     20.85          20.32               
240  0.156      2109     225      16.71          16.82               
241  1.290      2346     2250     20.20          19.86               
242  1.087      2539     701      7.47           12.47               
243  0.759      2729     2729     25.00          16.66               
244  1.601      2893     2892     20.93          20.92               
245  0.273      3030     540      22.91          21.44               
246  1.264      2261     2250     20.62          20.16               
247  0.495      1698     945      22.11          20.35               
248  0.241      2074     405      19.47          18.41               
249  0.542      2360     2340     25.00          11.32               
250  0.995      2610     1260     14.67          13.31               
251  1.131      2798     2790     25.00          14.81               
252  1.237      2970     1260     11.80          15.70               
253  1.797      3109     3109     20.04          19.86               
254  2.410      3280     225      1.08           2.61                
255  1.840      3347     3330     20.96          20.09               
256  0.897      2508     1845     23.83          20.01               
257  1.053      2698     675      7.43           19.06               
258  0.623      2071     1260     23.43          14.56               
259  0.977      2353     855      10.14          15.58               
260  1.331      2572     180      1.57           12.41               
261  1.090      2782     1890     20.09          9.25                
262  1.447      2900     2385     19.09          2.79                
263  1.378      2999     2790     23.45          18.89               
264  2.076      3137     2655     14.81          17.46               
265  0.621      2354     1260     23.50          20.38               
266  0.225      2556     405      20.85          3.50                
267  1.399      2732     2700     22.36          21.70               
268  1.473      2864     2790     21.94          19.91               
269  0.365      2977     630      19.99          19.07               
270  1.858      3122     3113     19.41          17.90               
271  1.868      3191     3150     19.53          19.55               
272  1.165      2749     1884     18.74          16.80               
273  1.019      2768     1980     22.51          18.77               
274  0.718      527      971      8.52           4.83                
275  0.156      1420     0        0.00           0.07                
276  4.972      4157     4095     9.54           23.00               
277  2.320      3526     3285     16.40          21.12               
278  4.199      3986     3820     10.54          21.80               
279  0.616      0        0        0.00           0.00                
280  271.000    271      268      0.01           0.00                
281  1.165      2749     1905     18.95          16.80               
--------------------------------------------------------------------------------

=== Summary Statistics (Filtered: 0.1ms < RTT < 10ms, packets_out > 0) ===
Valid samples: 276

Estimated Bandwidth:
  Average: 19.13 Gbps
  Median:  20.62 Gbps
  Min:     0.00 Gbps
  Max:     25.00 Gbps

Actual delivery_rate:
  Average: 16.76 Gbps
  Median:  18.77 Gbps

Accuracy:
  Est/Actual ratio: 1.14